<?xml version="1.0" encoding="UTF-8" standalone="no" ?>
<COLLADA xmlns="http://www.collada.org/2005/11/COLLADASchema" version="1.4.1">
    <asset>
        <contributor>
            <authoring_tool>Google SketchUp 8.0.3117</authoring_tool>
        </contributor>
        <created>2011-01-05T11:59:59Z</created>
        <modified>2011-01-05T11:59:59Z</modified>
        <unit meter="0.02539999969303608" name="inch" />
        <up_axis>Z_UP</up_axis>
    </asset>
    <library_visual_scenes>
        <visual_scene id="ID1">
            <node name="SketchUp">
                <node id="ID2" name="instance_0">
                    <matrix>-1 -1.86441874978409e-013 0 54.8714309411514 -1.86441874978409e-013 1 2.906543197736733e-013 0.9271763846911796 -5.419013634917771e-026 2.906543197736733e-013 -1 28.54330708661419 0 0 0 1</matrix>
                    <instance_node url="#ID3" />
                </node>
                <node id="ID110" name="instance_18">
                    <matrix>1 0 0 0.1566655712854299 0 1 0 51.48623150279131 0 0 1 -6.51717128633883e-017 0 0 0 1</matrix>
                    <instance_node url="#ID111" />
                </node>
            </node>
        </visual_scene>
    </library_visual_scenes>
    <library_nodes>
        <node id="ID3" name="Component_5">
            <node id="ID4" name="instance_1">
                <matrix>1 -6.366775031296489e-017 1.179611963664263e-016 0.7507110423047436 -1.179611963664263e-016 -3.053113317719197e-016 1 5.887640461580098e-014 -6.366775031296485e-017 -1 -3.053113317719197e-016 28.54330708661419 0 0 0 1</matrix>
                <instance_node url="#ID5" />
            </node>
            <node id="ID21" name="instance_2">
                <matrix>0.9848077530122068 -0.173648177666938 3.191891195797325e-016 1.544847485285374 -0.173648177666938 -0.9848077530122069 0 1.980815951170353 3.143399196392609e-016 -5.542660894613491e-017 -1 2.91338582677167 0 0 0 1</matrix>
                <instance_node url="#ID22" />
            </node>
            <node id="ID31" name="instance_3">
                <matrix>-1 0 3.191891195797325e-016 48.74175224827266 0 1 0 32.463338799025 -3.191891195797325e-016 0 -1 2.913385826771702 0 0 0 1</matrix>
                <instance_node url="#ID22" />
            </node>
            <node id="ID32" name="instance_4">
                <matrix>0.9848077530122068 -0.173648177666938 3.191891195797325e-016 1.544847485285402 -0.173648177666938 -0.9848077530122069 0 27.29578138034874 3.143399196392609e-016 -5.542660894613491e-017 -1 2.913385826771666 0 0 0 1</matrix>
                <instance_node url="#ID22" />
            </node>
            <node id="ID33" name="instance_5">
                <matrix>-1 0 3.191891195797325e-016 53.13764902936877 0 1 0 7.532969303479884 -3.191891195797325e-016 0 -1 2.913385826771741 0 0 0 1</matrix>
                <instance_node url="#ID22" />
            </node>
            <node id="ID34" name="instance_6">
                <matrix>0.8399062479336106 -0.5427315125198504 -5.110018083631676e-017 0.8562299861154088 0.5427315125198504 0.8399062479336106 1.732339888867287e-016 1.122239066033643 -5.11001836533814e-017 -1.732339880557571e-016 1 0.5905511811023416 0 0 0 1</matrix>
                <instance_node url="#ID35" />
            </node>
            <node id="ID44" name="instance_7">
                <matrix>-1 0 3.191891195797325e-016 1.459372459627645 0 1 0 1.299217397682707 -3.191891195797325e-016 0 -1 3.346456692913364 0 0 0 1</matrix>
                <instance_node url="#ID45" />
            </node>
            <node id="ID54" name="instance_8">
                <matrix>-0.984807753012206 -0.173648177666942 3.191891195797325e-016 53.73983269341927 -0.173648177666942 0.984807753012206 0 8.691065544905078 -3.143399196392607e-016 -5.542660894613617e-017 -1 3.346456692913439 0 0 0 1</matrix>
                <instance_node url="#ID55" />
            </node>
            <node id="ID64" name="instance_9">
                <matrix>1 -8.326672684688674e-017 3.191891195797325e-016 0.002679546241751041 -8.326672684688674e-017 -1 0 34.68185635729911 3.191891195797325e-016 -2.657783323254386e-032 -1 28.1496062992126 0 0 0 1</matrix>
                <instance_node url="#ID65" />
            </node>
            <node id="ID74" name="instance_10">
                <matrix>-2.648956735262723e-016 -6.366775031296339e-017 -1 1.02630159348584 1 -3.053113317719183e-016 -2.648956735262723e-016 7.086681328175263e-014 -3.053113317719183e-016 -1 6.366775031296347e-017 28.54330708661419 0 0 0 1</matrix>
                <instance_node url="#ID75" />
            </node>
            <node id="ID84" name="instance_11">
                <matrix>0.173648177666945 -6.366775031296341e-017 0.9848077530122055 48.90845518259511 -0.9848077530122055 -3.053113317719186e-016 0.173648177666945 34.50410625417542 2.89617177793467e-016 -1 -1.157172505083134e-016 28.54330708661422 0 0 0 1</matrix>
                <instance_node url="#ID85" />
            </node>
            <node id="ID94" name="instance_12">
                <matrix>-0.9848077530122056 -6.366775031296217e-017 0.1736481776669448 49.17985889405513 -0.1736481776669448 -3.05311331771917e-016 -0.9848077530122056 34.55196205117026 1.157172505083118e-016 -1 2.896171777934657e-016 28.54330708661425 0 0 0 1</matrix>
                <instance_node url="#ID5" />
            </node>
            <node id="ID95" name="instance_13">
                <matrix>-0.9854234650224391 -0.1701193539347303 -1.315606721610828e-014 54.74634942557975 -0.1701193539347302 0.9854234650224392 2.40388608509773e-014 7.269451243444196 8.874821864870398e-015 2.592655921008854e-014 -1 28.54330708661415 0 0 0 1</matrix>
                <instance_node url="#ID96" />
            </node>
            <node id="ID107" name="instance_15">
                <matrix>-0.9848077530122075 -3.326148706296172e-015 0.1736481776669346 54.57221150422893 -0.1736481776669346 -1.433262253494476e-015 -0.9848077530122075 8.278152428113653 3.524500412070114e-015 -1 8.339081178435457e-016 28.5433070866142 0 0 0 1</matrix>
                <instance_node url="#ID5" />
            </node>
            <node id="ID108" name="instance_16">
                <matrix>1 -6.93889390390947e-016 -4.465246202056623e-016 0.002679546241836306 -6.938893903909473e-016 -1 -6.106226635438329e-016 27.83465046854868 -4.465246202056619e-016 6.106226635438332e-016 -1 28.54330708661415 0 0 0 1</matrix>
                <instance_node url="#ID96" />
            </node>
            <node id="ID109" name="instance_17">
                <matrix>0.9999935841508939 -5.799855853154246e-015 -0.003582130239031921 0.002679546241978414 0.003582130239031921 2.616246453366316e-014 0.9999935841508939 26.81102842130373 -5.706101286820619e-015 -1 2.618307251827208e-014 28.54330708661417 0 0 0 1</matrix>
                <instance_node url="#ID5" />
            </node>
        </node>
        <node id="ID5" name="Composant_52">
            <instance_geometry url="#ID6">
                <bind_material>
                    <technique_common>
                        <instance_material symbol="Material2" target="#ID7">
                            <bind_vertex_input semantic="UVSET0" input_semantic="TEXCOORD" input_set="0" />
                        </instance_material>
                        <instance_material symbol="Material3" target="#ID16">
                            <bind_vertex_input semantic="UVSET0" input_semantic="TEXCOORD" input_set="0" />
                        </instance_material>
                    </technique_common>
                </bind_material>
            </instance_geometry>
        </node>
        <node id="ID22" name="Composant_57">
            <instance_geometry url="#ID23">
                <bind_material>
                    <technique_common>
                        <instance_material symbol="Material2" target="#ID7">
                            <bind_vertex_input semantic="UVSET0" input_semantic="TEXCOORD" input_set="0" />
                        </instance_material>
                        <instance_material symbol="Material3" target="#ID16">
                            <bind_vertex_input semantic="UVSET0" input_semantic="TEXCOORD" input_set="0" />
                        </instance_material>
                    </technique_common>
                </bind_material>
            </instance_geometry>
        </node>
        <node id="ID35" name="Composant_56">
            <instance_geometry url="#ID36">
                <bind_material>
                    <technique_common>
                        <instance_material symbol="Material2" target="#ID7">
                            <bind_vertex_input semantic="UVSET0" input_semantic="TEXCOORD" input_set="0" />
                        </instance_material>
                        <instance_material symbol="Material3" target="#ID16">
                            <bind_vertex_input semantic="UVSET0" input_semantic="TEXCOORD" input_set="0" />
                        </instance_material>
                    </technique_common>
                </bind_material>
            </instance_geometry>
        </node>
        <node id="ID45" name="Composant_59">
            <instance_geometry url="#ID46">
                <bind_material>
                    <technique_common>
                        <instance_material symbol="Material2" target="#ID7">
                            <bind_vertex_input semantic="UVSET0" input_semantic="TEXCOORD" input_set="0" />
                        </instance_material>
                        <instance_material symbol="Material3" target="#ID16">
                            <bind_vertex_input semantic="UVSET0" input_semantic="TEXCOORD" input_set="0" />
                        </instance_material>
                    </technique_common>
                </bind_material>
            </instance_geometry>
        </node>
        <node id="ID55" name="Composant_58">
            <instance_geometry url="#ID56">
                <bind_material>
                    <technique_common>
                        <instance_material symbol="Material2" target="#ID7">
                            <bind_vertex_input semantic="UVSET0" input_semantic="TEXCOORD" input_set="0" />
                        </instance_material>
                        <instance_material symbol="Material3" target="#ID16">
                            <bind_vertex_input semantic="UVSET0" input_semantic="TEXCOORD" input_set="0" />
                        </instance_material>
                    </technique_common>
                </bind_material>
            </instance_geometry>
        </node>
        <node id="ID65" name="Composant_55">
            <instance_geometry url="#ID66">
                <bind_material>
                    <technique_common>
                        <instance_material symbol="Material2" target="#ID7">
                            <bind_vertex_input semantic="UVSET0" input_semantic="TEXCOORD" input_set="0" />
                        </instance_material>
                        <instance_material symbol="Material3" target="#ID16">
                            <bind_vertex_input semantic="UVSET0" input_semantic="TEXCOORD" input_set="0" />
                        </instance_material>
                    </technique_common>
                </bind_material>
            </instance_geometry>
        </node>
        <node id="ID75" name="Composant_53">
            <instance_geometry url="#ID76">
                <bind_material>
                    <technique_common>
                        <instance_material symbol="Material2" target="#ID7">
                            <bind_vertex_input semantic="UVSET0" input_semantic="TEXCOORD" input_set="0" />
                        </instance_material>
                        <instance_material symbol="Material3" target="#ID16">
                            <bind_vertex_input semantic="UVSET0" input_semantic="TEXCOORD" input_set="0" />
                        </instance_material>
                    </technique_common>
                </bind_material>
            </instance_geometry>
        </node>
        <node id="ID85" name="Composant_50">
            <instance_geometry url="#ID86">
                <bind_material>
                    <technique_common>
                        <instance_material symbol="Material2" target="#ID7">
                            <bind_vertex_input semantic="UVSET0" input_semantic="TEXCOORD" input_set="0" />
                        </instance_material>
                        <instance_material symbol="Material3" target="#ID16">
                            <bind_vertex_input semantic="UVSET0" input_semantic="TEXCOORD" input_set="0" />
                        </instance_material>
                    </technique_common>
                </bind_material>
            </instance_geometry>
        </node>
        <node id="ID96" name="Composant_54">
            <node id="ID97" name="instance_14">
                <matrix>-2.775557561586882e-017 3.828568698926936e-016 1 1.4210854715202e-014 1 -3.053113317719305e-016 2.775557561586894e-017 1.023622047244206 3.053113317719305e-016 1 -3.828568698926936e-016 0 0 0 0 1</matrix>
                <instance_node url="#ID98" />
            </node>
        </node>
        <node id="ID98" name="Composant_51">
            <instance_geometry url="#ID99">
                <bind_material>
                    <technique_common>
                        <instance_material symbol="Material2" target="#ID7">
                            <bind_vertex_input semantic="UVSET0" input_semantic="TEXCOORD" input_set="0" />
                        </instance_material>
                        <instance_material symbol="Material3" target="#ID16">
                            <bind_vertex_input semantic="UVSET0" input_semantic="TEXCOORD" input_set="0" />
                        </instance_material>
                    </technique_common>
                </bind_material>
            </instance_geometry>
        </node>
        <node id="ID111" name="Component_11">
            <node id="ID112" name="instance_19">
                <matrix>0.9848077530122082 -0.1736481776669298 -5.045872227986792e-014 0.2287350256179934 0.1736481776669298 0.9848077530122082 -4.263945180581055e-015 -1.225424862618965 5.043256721858337e-014 -4.562898899045509e-015 1 1.589523151570312e-014 0 0 0 1</matrix>
                <instance_node url="#ID113" />
            </node>
            <node id="ID121" name="instance_27">
                <matrix>-1 1.865251417052559e-013 -3.191891195797325e-016 54.71208582361777 -1.865251417052558e-013 -1 -2.906543197736733e-013 34.68185635731737 -3.191891196339468e-016 -2.906543197736733e-013 1 0.393700787411671 0 0 0 1</matrix>
                <instance_node url="#ID122" />
            </node>
            <node id="ID131" name="instance_28">
                <matrix>1 0 0 53.25539291023807 0 1 0 1.299217397693496 0 0 1 25.1968503937012 0 0 0 1</matrix>
                <instance_node url="#ID45" />
            </node>
            <node id="ID132" name="instance_29">
                <matrix>-0.9848077530121745 0.1736481776671216 -3.191891195797325e-016 53.16991788458023 -0.1736481776671216 -0.9848077530121745 -2.906543197736733e-013 1.980815951181 -5.078593287941445e-014 -2.86183200950647e-013 1 25.62992125984309 0 0 0 1</matrix>
                <instance_node url="#ID22" />
            </node>
            <node id="ID133" name="instance_30">
                <matrix>-0.9093583992654037 0.4160135835347958 4.13770978693022e-018 53.90611565681741 0.4160135835347958 0.9093583992654037 2.907566189478048e-013 1.213069921267191 1.209549403237889e-013 2.644036949256728e-013 -1 27.95275590551225 0 0 0 1</matrix>
                <instance_node url="#ID134" />
            </node>
            <node id="ID143" name="instance_31">
                <matrix>-0.9999935841508946 5.79985585314937e-015 0.003582130238845481 54.71208582361902 0.003582130238845481 -2.644918552400091e-013 0.9999935841508946 26.81102842132211 6.747262914732961e-015 1 2.644693824611437e-013 7.812482551395165e-012 0 0 0 1</matrix>
                <instance_node url="#ID5" />
            </node>
            <node id="ID144" name="instance_32">
                <matrix>-1 1.871357643688e-013 4.465246202057762e-016 54.71208582361896 -1.871357643688001e-013 -1 -2.91264942437217e-013 27.83465046856706 4.465246201512702e-016 -2.912649424372171e-013 1 8.125121355129609e-012 0 0 0 1</matrix>
                <instance_node url="#ID96" />
            </node>
            <node id="ID145" name="instance_33">
                <matrix>-1.861769793048827e-013 6.366775031302031e-017 1 53.6884637763801 1 -2.909596311054452e-013 1.861769793048828e-013 1.826094830903458e-011 2.909596311054452e-013 1 -6.366775025885033e-017 6.517171286338976e-017 0 0 0 1</matrix>
                <instance_node url="#ID75" />
            </node>
            <node id="ID146" name="instance_34">
                <matrix>-1 6.366775031302181e-017 -1.865598361747755e-013 53.96405432756126 -1.865598361747755e-013 -2.909596311054452e-013 1 1.830358087318018e-011 6.366775025874043e-017 1 2.909596311054452e-013 6.517171286338976e-017 0 0 0 1</matrix>
                <instance_node url="#ID5" />
            </node>
            <node id="ID147" name="instance_35">
                <matrix>-0.9848077530121745 0.1736481776671216 -3.191891195797325e-016 53.16991788457546 -0.1736481776671216 -0.9848077530121745 -2.906543197736733e-013 27.29578138035939 -5.078593287941445e-014 -2.86183200950647e-013 1 25.62992125985046 0 0 0 1</matrix>
                <instance_node url="#ID22" />
            </node>
        </node>
        <node id="ID113" name="Component_10">
            <node id="ID114" name="instance_20">
                <matrix>1 0 0 1.564456780988962 0 1 0 1.235813108558531 0 0 1 25.62992125984245 0 0 0 1</matrix>
                <instance_node url="#ID22" />
            </node>
            <node id="ID115" name="instance_21">
                <matrix>0.9848077530122384 0.1736481776667584 -3.191891195797325e-016 0.9622731169382632 -0.1736481776667584 0.9848077530122384 -2.906543197736733e-013 2.393909349983744 -5.015725304003035e-014 2.862940541685579e-013 1 25.19685039370109 0 0 0 1</matrix>
                <instance_node url="#ID55" />
            </node>
            <node id="ID116" name="instance_22">
                <matrix>0.9848077530122398 3.326148706296491e-015 -0.173648177666751 0.1298943061286764 -0.1736481776667509 -2.920875820271671e-013 -0.9848077530122399 1.980996233199491 -5.399609337173762e-014 1 -2.870725356774557e-013 2.132350796556132e-013 0 0 0 1</matrix>
                <instance_node url="#ID5" />
            </node>
            <node id="ID117" name="instance_23">
                <matrix>0.9854234650224707 0.1701193539345465 1.31560672161038e-014 -0.04424361522194431 -0.1701193539345465 0.9854234650224707 -2.666154589226935e-013 0.9722950485300004 -5.832074696305278e-014 2.604910277050338e-013 1 -3.545487786042186e-014 0 0 0 1</matrix>
                <instance_node url="#ID96" />
            </node>
            <node id="ID118" name="instance_24">
                <matrix>0.984807753012238 6.36677503130635e-017 -0.1736481776667612 5.522246916297604 -0.1736481776667612 -2.909596311054452e-013 -0.984807753012238 28.25480585625711 -5.058731021017878e-014 1 -2.865282447374051e-013 7.801831497573484e-012 0 0 0 1</matrix>
                <instance_node url="#ID5" />
            </node>
            <node id="ID119" name="instance_25">
                <matrix>-0.1736481776667614 6.366775031302565e-017 -0.9848077530122379 5.793650627757643 -0.9848077530122379 -2.909596311054452e-013 0.1736481776667614 28.20695005926231 -2.865282447374051e-013 1 5.058731021017881e-014 7.808936924931085e-012 0 0 0 1</matrix>
                <instance_node url="#ID85" />
            </node>
            <node id="ID120" name="instance_26">
                <matrix>1 0 0 5.960353562080456 0 1 0 26.16618260410446 0 0 1 25.62992125984974 0 0 0 1</matrix>
                <instance_node url="#ID22" />
            </node>
        </node>
        <node id="ID122" name="Composant_63">
            <instance_geometry url="#ID123">
                <bind_material>
                    <technique_common>
                        <instance_material symbol="Material2" target="#ID7">
                            <bind_vertex_input semantic="UVSET0" input_semantic="TEXCOORD" input_set="0" />
                        </instance_material>
                        <instance_material symbol="Material3" target="#ID16">
                            <bind_vertex_input semantic="UVSET0" input_semantic="TEXCOORD" input_set="0" />
                        </instance_material>
                    </technique_common>
                </bind_material>
            </instance_geometry>
        </node>
        <node id="ID134" name="Composant_64">
            <instance_geometry url="#ID135">
                <bind_material>
                    <technique_common>
                        <instance_material symbol="Material2" target="#ID7">
                            <bind_vertex_input semantic="UVSET0" input_semantic="TEXCOORD" input_set="0" />
                        </instance_material>
                        <instance_material symbol="Material3" target="#ID16">
                            <bind_vertex_input semantic="UVSET0" input_semantic="TEXCOORD" input_set="0" />
                        </instance_material>
                    </technique_common>
                </bind_material>
            </instance_geometry>
        </node>
    </library_nodes>
    <library_geometries>
        <geometry id="ID6">
            <mesh>
                <source id="ID12">
                    <float_array id="ID18" count="168">0 1.504218685804777e-015 0.7480314960630414 3.534086886894123 27.95275590551184 0.7480314960630401 -1.4210854715202e-014 27.95275590551183 0.7480314960630436 2.172425243633072 0.001202165785991831 0.7480314960630619 2.172425243633072 0.001202165785991831 0.7480314960630619 0 1.504218685804777e-015 0.7480314960630414 3.534086886894123 27.95275590551184 0.7480314960630401 -1.4210854715202e-014 27.95275590551183 0.7480314960630436 2.172425243633072 0.001202165785991831 0.7480314960630619 3.534086886894123 27.95275590551184 0.7480314960630401 -1.4210854715202e-014 27.95275590551183 0.7480314960630436 0 1.504218685804777e-015 0.7480314960630414 2.172425243633079 0.00120216578599388 -5.861977570020827e-014 3.534086886894123 27.95275590551184 0.7480314960630401 2.172425243633072 0.001202165785991831 0.7480314960630619 3.534086886894123 27.95275590551184 1.185718190299667e-013 3.534086886894123 27.95275590551184 1.185718190299667e-013 2.172425243633079 0.00120216578599388 -5.861977570020827e-014 3.534086886894123 27.95275590551184 0.7480314960630401 2.172425243633072 0.001202165785991831 0.7480314960630619 3.534086886894123 27.95275590551184 1.185718190299667e-013 2.172425243633079 0.00120216578599388 -5.861977570020827e-014 -1.4210854715202e-014 27.95275590551183 0.7480314960630436 3.534086886894123 27.95275590551184 1.185718190299667e-013 -7.105427357601002e-015 27.95275590551183 1.199040866595169e-014 3.534086886894123 27.95275590551184 0.7480314960630401 3.534086886894123 27.95275590551184 0.7480314960630401 -1.4210854715202e-014 27.95275590551183 0.7480314960630436 3.534086886894123 27.95275590551184 1.185718190299667e-013 -7.105427357601002e-015 27.95275590551183 1.199040866595169e-014 -7.105427357601002e-015 27.95275590551183 1.199040866595169e-014 0 1.504218685804777e-015 0.7480314960630414 -7.105427357601002e-015 27.95275590551183 1.199040866595169e-014 0 0 0 -1.4210854715202e-014 27.95275590551183 0.7480314960630436 -1.4210854715202e-014 27.95275590551183 0.7480314960630436 0 1.504218685804777e-015 0.7480314960630414 -7.105427357601002e-015 27.95275590551183 1.199040866595169e-014 0 0 0 0 0 0 2.172425243633072 0.001202165785991831 0.7480314960630619 0 0 0 2.172425243633079 0.00120216578599388 -5.861977570020827e-014 0 1.504218685804777e-015 0.7480314960630414 0 1.504218685804777e-015 0.7480314960630414 2.172425243633072 0.001202165785991831 0.7480314960630619 0 0 0 2.172425243633079 0.00120216578599388 -5.861977570020827e-014 3.534086886894123 27.95275590551184 1.185718190299667e-013 0 0 0 -7.105427357601002e-015 27.95275590551183 1.199040866595169e-014 2.172425243633079 0.00120216578599388 -5.861977570020827e-014 2.172425243633079 0.00120216578599388 -5.861977570020827e-014 3.534086886894123 27.95275590551184 1.185718190299667e-013 0 0 0 -7.105427357601002e-015 27.95275590551183 1.199040866595169e-014</float_array>
                    <technique_common>
                        <accessor count="56" source="#ID18" stride="3">
                            <param name="X" type="float" />
                            <param name="Y" type="float" />
                            <param name="Z" type="float" />
                        </accessor>
                    </technique_common>
                </source>
                <source id="ID13">
                    <float_array id="ID19" count="168">-1.859623566247136e-015 4.345209253581936e-016 1 -1.859623566247136e-015 4.345209253581936e-016 1 -1.859623566247136e-015 4.345209253581936e-016 1 -1.859623566247136e-015 4.345209253581936e-016 1 1.859623566247136e-015 -4.345209253581936e-016 -1 1.859623566247136e-015 -4.345209253581936e-016 -1 1.859623566247136e-015 -4.345209253581936e-016 -1 1.859623566247136e-015 -4.345209253581936e-016 -1 0 0 0 0 0 0 0 0 0 0 0 0 0.9988155292048239 -0.04865735935382873 5.144904767804455e-015 0.9988155292048239 -0.04865735935382873 5.144904767804455e-015 0.9988155292048239 -0.04865735935382873 5.144904767804455e-015 0.9988155292048239 -0.04865735935382873 5.144904767804455e-015 -0.9988155292048239 0.04865735935382873 -5.144904767804455e-015 -0.9988155292048239 0.04865735935382873 -5.144904767804455e-015 -0.9988155292048239 0.04865735935382873 -5.144904767804455e-015 -0.9988155292048239 0.04865735935382873 -5.144904767804455e-015 0 0 0 0 0 0 -3.336205026961316e-015 1 1.596227107984887e-015 -3.336205026961316e-015 1 1.596227107984887e-015 -3.336205026961316e-015 1 1.596227107984887e-015 -3.336205026961316e-015 1 1.596227107984887e-015 3.336205026961316e-015 -1 -1.596227107984887e-015 3.336205026961316e-015 -1 -1.596227107984887e-015 3.336205026961316e-015 -1 -1.596227107984887e-015 3.336205026961316e-015 -1 -1.596227107984887e-015 0 0 0 -1 0 -2.988466213845429e-030 -1 0 -2.988466213845429e-030 -1 0 -2.988466213845429e-030 -1 0 -2.988466213845429e-030 1 -0 2.988466213845429e-030 1 -0 2.988466213845429e-030 1 -0 2.988466213845429e-030 1 -0 2.988466213845429e-030 0 0 0 0.0005533748999877026 -0.9999998468880985 -3.61191276432646e-016 0.0005533748999877026 -0.9999998468880985 -3.61191276432646e-016 0.0005533748999877026 -0.9999998468880985 -3.61191276432646e-016 0.0005533748999877026 -0.9999998468880985 -3.61191276432646e-016 -0.0005533748999877026 0.9999998468880985 3.61191276432646e-016 -0.0005533748999877026 0.9999998468880985 3.61191276432646e-016 -0.0005533748999877026 0.9999998468880985 3.61191276432646e-016 -0.0005533748999877026 0.9999998468880985 3.61191276432646e-016 1.421085471520199e-014 3.050695907851399e-015 -1 1.421085471520199e-014 3.050695907851399e-015 -1 1.421085471520199e-014 3.050695907851399e-015 -1 1.421085471520199e-014 3.050695907851399e-015 -1 -1.421085471520199e-014 -3.050695907851399e-015 1 -1.421085471520199e-014 -3.050695907851399e-015 1 -1.421085471520199e-014 -3.050695907851399e-015 1 -1.421085471520199e-014 -3.050695907851399e-015 1</float_array>
                    <technique_common>
                        <accessor count="56" source="#ID19" stride="3">
                            <param name="X" type="float" />
                            <param name="Y" type="float" />
                            <param name="Z" type="float" />
                        </accessor>
                    </technique_common>
                </source>
                <source id="ID15">
                    <float_array id="ID20" count="44">8.686602612874901e-017 4.991876172939186e-017 0.2206897950386437 1.183333333333335 -8.005458329435851e-016 1.183333333333334 0.1356593929628877 5.089168494030707e-005 0.006675809428793027 -2.954153646766162e-015 1.754210061286319 0.03166666666666822 0.006675809428792878 0.03166666666666915 1.754210061286319 4.546957196811247e-015 -4.936065525645312e-015 0.03166666666666696 -0.2206897950386494 3.130671594486474e-015 -5.379771455181478e-015 -1.381274777590163e-015 -0.2206897950386494 0.03166666666666681 -9.393252743576346e-017 0.03166666666666875 -1.745539419087138 5.075939668586216e-016 0 0 -1.745539419087138 0.03166666666666885 0.1356594137339584 0.03166666666666962 0.1356594137339589 -2.48157050464215e-015 5.197990297535771e-020 0.03166666666666875 -0.2206897950386436 1.183333333333335 4.437059295361565e-016 1.183333333333334 -0.135659392962888 5.089168494040758e-005</float_array>
                    <technique_common>
                        <accessor count="22" source="#ID20" stride="2">
                            <param name="S" type="float" />
                            <param name="T" type="float" />
                        </accessor>
                    </technique_common>
                </source>
                <vertices id="ID14">
                    <input semantic="POSITION" source="#ID12" />
                    <input semantic="NORMAL" source="#ID13" />
                </vertices>
                <triangles count="24" material="Material2">
                    <input offset="0" semantic="VERTEX" source="#ID14" />
                    <input offset="1" semantic="TEXCOORD" source="#ID15" />
                    <p>0 0 1 1 2 2 1 1 0 0 3 3 4 3 5 0 6 1 7 2 6 1 5 0 12 4 13 5 14 6 13 5 12 4 15 7 16 7 17 4 18 5 19 6 18 5 17 4 22 8 23 9 24 10 23 9 22 8 25 11 26 11 27 8 28 9 29 10 28 9 27 8 31 12 32 13 33 14 32 13 31 12 34 15 35 15 36 12 37 13 38 14 37 13 36 12 40 16 41 14 42 17 41 14 40 16 43 18 44 18 45 16 46 14 47 17 46 14 45 16 48 19 49 14 50 20 49 14 48 19 51 21 52 21 53 19 54 14 55 20 54 14 53 19</p>
                </triangles>
                <lines count="12" material="Material3">
                    <input offset="0" semantic="VERTEX" source="#ID14" />
                    <p>8 9 9 10 10 11 11 8 9 20 8 21 21 20 20 30 10 30 30 39 11 39 39 21</p>
                </lines>
            </mesh>
        </geometry>
        <geometry id="ID23">
            <mesh>
                <source id="ID24">
                    <float_array id="ID28" count="168">9.930119753302499 -0.499145891738368 1.338582677165348 9.800225447173688 -1.235813108558525 2.322834645669293 9.800225447173688 -1.235813108558525 1.338582677165348 9.930119753302499 -0.499145891738368 2.322834645669293 9.930119753302499 -0.499145891738368 2.322834645669293 9.930119753302499 -0.499145891738368 1.338582677165348 9.800225447173688 -1.235813108558525 2.322834645669293 9.800225447173688 -1.235813108558525 1.338582677165348 9.930119753302499 -0.499145891738368 2.322834645669293 9.930119753302499 -0.499145891738368 1.338582677165348 9.800225447173688 -1.235813108558525 2.322834645669293 9.800225447173688 -1.235813108558525 1.338582677165348 0.1298943061288114 1.228898271624061 2.322834645669293 9.930119753302499 -0.499145891738368 1.338582677165348 0.1298943061288114 1.228898271624061 -0.4330708661417368 9.930119753302499 -0.499145891738368 2.322834645669293 9.930119753302499 -0.499145891738368 2.322834645669293 0.1298943061288114 1.228898271624061 2.322834645669293 9.930119753302499 -0.499145891738368 1.338582677165348 0.1298943061288114 1.228898271624061 -0.4330708661417368 0.1298943061288114 1.228898271624061 2.322834645669293 0.1298943061288114 1.228898271624061 -0.4330708661417368 9.800225447173688 -1.235813108558525 2.322834645669293 0.1298943061288114 1.228898271624061 2.322834645669293 0 0.4922310548039057 2.322834645669293 9.930119753302499 -0.499145891738368 2.322834645669293 9.930119753302499 -0.499145891738368 2.322834645669293 9.800225447173688 -1.235813108558525 2.322834645669293 0.1298943061288114 1.228898271624061 2.322834645669293 0 0.4922310548039057 2.322834645669293 0 0.4922310548039057 2.322834645669293 9.800225447173688 -1.235813108558525 1.338582677165348 0 0.4922310548039057 2.322834645669293 0 0.4922310548039057 -0.4330708661417368 9.800225447173688 -1.235813108558525 2.322834645669293 9.800225447173688 -1.235813108558525 2.322834645669293 9.800225447173688 -1.235813108558525 1.338582677165348 0 0.4922310548039057 2.322834645669293 0 0.4922310548039057 -0.4330708661417368 0 0.4922310548039057 -0.4330708661417368 0.1298943061288114 1.228898271624061 -0.4330708661417368 9.800225447173688 -1.235813108558525 1.338582677165348 0 0.4922310548039057 -0.4330708661417368 9.930119753302499 -0.499145891738368 1.338582677165348 9.930119753302499 -0.499145891738368 1.338582677165348 0.1298943061288114 1.228898271624061 -0.4330708661417368 9.800225447173688 -1.235813108558525 1.338582677165348 0 0.4922310548039057 -0.4330708661417368 0.1298943061288114 1.228898271624061 2.322834645669293 0 0.4922310548039057 -0.4330708661417368 0 0.4922310548039057 2.322834645669293 0.1298943061288114 1.228898271624061 -0.4330708661417368 0.1298943061288114 1.228898271624061 -0.4330708661417368 0.1298943061288114 1.228898271624061 2.322834645669293 0 0.4922310548039057 -0.4330708661417368 0 0.4922310548039057 2.322834645669293</float_array>
                    <technique_common>
                        <accessor count="56" source="#ID28" stride="3">
                            <param name="X" type="float" />
                            <param name="Y" type="float" />
                            <param name="Z" type="float" />
                        </accessor>
                    </technique_common>
                </source>
                <source id="ID25">
                    <float_array id="ID29" count="168">0.984807753012207 -0.1736481776669368 -7.053897132354798e-018 0.984807753012207 -0.1736481776669368 -7.053897132354798e-018 0.984807753012207 -0.1736481776669368 -7.053897132354798e-018 0.984807753012207 -0.1736481776669368 -7.053897132354798e-018 -0.984807753012207 0.1736481776669368 7.053897132354798e-018 -0.984807753012207 0.1736481776669368 7.053897132354798e-018 -0.984807753012207 0.1736481776669368 7.053897132354798e-018 -0.984807753012207 0.1736481776669368 7.053897132354798e-018 0 0 0 0 0 0 0 0 0 0 0 0 0.173648177666933 0.9848077530122077 0 0.173648177666933 0.9848077530122077 0 0.173648177666933 0.9848077530122077 0 0.173648177666933 0.9848077530122077 0 -0.173648177666933 -0.9848077530122077 -0 -0.173648177666933 -0.9848077530122077 -0 -0.173648177666933 -0.9848077530122077 -0 -0.173648177666933 -0.9848077530122077 -0 0 0 0 0 0 0 -1.759403019935373e-018 -9.978070360339806e-018 1 -1.759403019935373e-018 -9.978070360339806e-018 1 -1.759403019935373e-018 -9.978070360339806e-018 1 -1.759403019935373e-018 -9.978070360339806e-018 1 1.759403019935373e-018 9.978070360339806e-018 -1 1.759403019935373e-018 9.978070360339806e-018 -1 1.759403019935373e-018 9.978070360339806e-018 -1 1.759403019935373e-018 9.978070360339806e-018 -1 0 0 0 -0.1736481776669331 -0.9848077530122077 -6.80604267326636e-017 -0.1736481776669331 -0.9848077530122077 -6.80604267326636e-017 -0.1736481776669331 -0.9848077530122077 -6.80604267326636e-017 -0.1736481776669331 -0.9848077530122077 -6.80604267326636e-017 0.1736481776669331 0.9848077530122077 6.80604267326636e-017 0.1736481776669331 0.9848077530122077 6.80604267326636e-017 0.1736481776669331 0.9848077530122077 6.80604267326636e-017 0.1736481776669331 0.9848077530122077 6.80604267326636e-017 0 0 0 0.1726116175123756 -0.03043608535116354 -0.9845196159591023 0.1726116175123756 -0.03043608535116354 -0.9845196159591023 0.1726116175123756 -0.03043608535116354 -0.9845196159591023 0.1726116175123756 -0.03043608535116354 -0.9845196159591023 -0.1726116175123756 0.03043608535116354 0.9845196159591023 -0.1726116175123756 0.03043608535116354 0.9845196159591023 -0.1726116175123756 0.03043608535116354 0.9845196159591023 -0.1726116175123756 0.03043608535116354 0.9845196159591023 -0.9848077530122077 0.1736481776669333 0 -0.9848077530122077 0.1736481776669333 0 -0.9848077530122077 0.1736481776669333 0 -0.9848077530122077 0.1736481776669333 0 0.9848077530122077 -0.1736481776669333 -0 0.9848077530122077 -0.1736481776669333 -0 0.9848077530122077 -0.1736481776669333 -0 0.9848077530122077 -0.1736481776669333 -0</float_array>
                    <technique_common>
                        <accessor count="56" source="#ID29" stride="3">
                            <param name="X" type="float" />
                            <param name="Y" type="float" />
                            <param name="Z" type="float" />
                        </accessor>
                    </technique_common>
                </source>
                <source id="ID27">
                    <float_array id="ID30" count="48">0.07698252969766482 0.05666666666666641 0.03027091144040325 0.09833333333333338 0.03027091144040325 0.05666666666666641 0.07698252969766482 0.09833333333333338 0.005337578417579122 0.09833333333333338 -0.6160887311439018 0.05666666666666641 0.005337578417579122 -0.01833333333333353 -0.6160887311439018 0.09833333333333338 0.6119854475819104 -0.0523160882623109 0.008111387386247082 0.05202336016541859 2.552046932339869e-019 0.02083778132003201 0.6200968349681575 -0.02113050941692424 0.6160887311439016 0.05666666666666641 -0.005337578417579324 0.09833333333333338 -0.005337578417579324 -0.01833333333333353 0.6160887311439016 0.09833333333333338 0.07698252969766241 -0.006775792418351576 0.03027091144040603 0.421124615099815 0.03027091144040095 -0.006775792418351448 0.0769825296976676 0.4211246150998149 -0.07698252969766245 0.09833333333333338 -0.03027091144040099 -0.01833333333333353 -0.03027091144040099 0.09833333333333338 -0.07698252969766245 -0.01833333333333353</float_array>
                    <technique_common>
                        <accessor count="24" source="#ID30" stride="2">
                            <param name="S" type="float" />
                            <param name="T" type="float" />
                        </accessor>
                    </technique_common>
                </source>
                <vertices id="ID26">
                    <input semantic="POSITION" source="#ID24" />
                    <input semantic="NORMAL" source="#ID25" />
                </vertices>
                <triangles count="24" material="Material2">
                    <input offset="0" semantic="VERTEX" source="#ID26" />
                    <input offset="1" semantic="TEXCOORD" source="#ID27" />
                    <p>0 0 1 1 2 2 1 1 0 0 3 3 4 3 5 0 6 1 7 2 6 1 5 0 12 4 13 5 14 6 13 5 12 4 15 7 16 7 17 4 18 5 19 6 18 5 17 4 22 8 23 9 24 10 23 9 22 8 25 11 26 11 27 8 28 9 29 10 28 9 27 8 31 12 32 13 33 14 32 13 31 12 34 15 35 15 36 12 37 13 38 14 37 13 36 12 40 16 41 17 42 18 41 17 40 16 43 19 44 19 45 16 46 17 47 18 46 17 45 16 48 20 49 21 50 22 49 21 48 20 51 23 52 23 53 20 54 21 55 22 54 21 53 20</p>
                </triangles>
                <lines count="12" material="Material3">
                    <input offset="0" semantic="VERTEX" source="#ID26" />
                    <p>8 9 8 10 10 11 9 11 20 8 9 21 21 20 20 30 30 10 39 30 11 39 21 39</p>
                </lines>
            </mesh>
        </geometry>
